18528
5086
1123
16936
15072
13546
20669
3954
10240
5991
20467
22860
19345
9338
23985
10466
5957
21423
12912
15399
11645
4744
8158
13729
16750
2107
22685
16572
16039
24720
12023
17503
7523
9938
23337
7095
3103
24582
12926
3511
12503
8766
12324
7176
22425
19767
18993
2614
22405
20580
10299
14884
16568
15651
21303
7733
18693
23100
23032
16327
1004
23899
4925
1130
15558
20835
15566
1417
11414
2339
23053
14855
3516
8904
5915
12587
16578
14336
2502
9509
19302
4536
11135
23476
4437
4008
7195
23868
6155
7158
14888
18613
17967
1739
12047
17162
9997
1732
14649
3519
2210
8059
16128
8748
9042
9099
2866
24950
7794
20122
22882
6247
1131
11597
22172
20857
24077
3730
10516
1150
20348
3932
23274
16654
7092
16940
7959
2307
21229
23723
7080
2526
19163
19207
21062
21520
8398
8209
15864
5373
12854
7717
14936
13755
21430
5377
8892
7264
24202
1430
19849
5330
3549
2364
10404
24972
19434
18931
22114
22152
1826
2096
4060
15843
5996
6369
3785
18275
2005
4356
5744
6959
19015
6229
23183
15899
16585
21801
22807
19870
16213
2407
22197
23071
20565
10954
14402
11957
12303
15541
1304
9297
23861
23890
12135
8102
2979
5400
3723
14615
4644
5566
19954
20583
6511
9562
17008
23240
12965
4613
18407
16462
7871
11282
6128
8131
16763
23193
6420
12363
15297
2174
13856
2447
14264
3357
2094
6186
2162
5702
15599
22573
6735
24879
8359
14467
1125
18507
3709
18815
4938
21860
16447
2740
1532
2828
2784
1345
3735
22393
9043
18849
14831
21202
18696
20211
6737
10306
24766
17736
12238
6121
7438
3280
7783
2894
8133
9304
5933
24300
23311
22865
14977
4269
20364
7298
14552
20280
16362
21650
5255
20973
4939
8853
4108
4481
4366
7878
5556
9792
18790
2519
12433
20311
1252
20927
8997
4171
14186
16650
7703
18766
8944
17260
6068
19107
15212
6881
24829
10615
19344
13458
12863
6702
16484
18224
22313
8407
13033
13515
21162
12700
3546
13181
11735
15474
22574
12331
18756
10906
4320
19598
21705
5670
6436
12491
13615
9577
22434
16617
3720
6222
16883
14059
12450
18315
1053
8953
13713
21132
20922
16911
4573
9404
11219
23416
24662
20032
6314
23871
23259
19828
11300
16932
21347
